Losses
6.21
6.02
6.29
5.82
5.78
6.95
5.75
5.63
5.75
6.45
5.82
6.51
6.29
5.63
6.27
5.51
5.67
5.91
6.14
6.14
5.43
6.0825
6.39
6.12
6.15
6.2
5.72
6.34
6.3625
5.82
6.98
6.45
6.31
6.24
6.59
6.5125
5.85
6.1
6.92
5.81
6.14
6.47
6.23
6.27
6.2
5.64
6.35
6.26
5.87
5.58
6.05
5.68
6.31
6.28
6.45
6.39
6.07
6.08
6.1
6.165
6.06
5.67
5.27
5.94
5.64
5.8
6.15
6.11
6.0225
5.79
6.21
5.8125
5.13
5.76
5.85
6.36
5.85
6.34
5.76
6.2
5.6025
5.4625
5.93
5.98
5.74
5.86
5.79
5.4825
6.78
5.8625
5.49
5.45
5.88
6.09
6.03
5.29
5.78
5.75
6.5825
6.29
6.11
5.7
6.26
5.4825
6.03
5.65
6.16
6.5
6.13
6.4925
5.71
6.1
5.88
6.23
6.19
5.3
5.97
6.12
6.6425
5.78
6.2
6.05
6.26
5.94
6.1
5.54
5.79
6.27
5.21
5.6825
5.57
5.93
4.99
6.47
5.73
5.93
5.99
5.59
5.61
6.84
5.9
6.03
6.23
5.61
6.0425
5.97
6.23
6.35
6.44
6.09
5.64
5.71
6.06
5.65
5.17
5.76
5.95
6.13
5.88
6.64
6.55
6.7
6.29
5.79
5.43
5.45
6.0325
5.96
5.65
5.45
6.5
5.96
6.55
5.64
6.36
6.28
6.43
6.26
6.15
5.86
5.9
6.28
6.5
6.34
5.89
5.74
5.67
6.33
5.6925
6.1825
5.48
6.32
5.76
5.77
5.96
5.97
6.63
5.95
5.9225
6.06
6.54
6.07
5.63
5.7
5.6
5.86
5.25
6.51
5.83
6.03
6.06
6.11
5.94
5.7
6.98
6.68
5.33
6.05
6.14
5.6
6.16
6.15
5.62
5.97
6.38
5.79
5.63
5.88
6.25
5.43
5.62
6.41
6.57
6.44
6.02
6.11
6.47
6.17
5.79
6.42
6.36
6.11
5.95
6.07
6.3
5.74
6.28
6.35
5.8225
6.02
6.57
6.15
6.15
5.92
6.31
5.72
5.83
6.1
6.06
5.88
5.67
6.12
5.94
5.73
5.94
6.35
6.07
6.31
6.12
5.94
5.87
5.7
5.85
5.5
6.66
5.68
6.52
5.74
6.2
6.19
6.6025
5.75
6.37
5.68
5.64
6.14
6.36
5.87
5.95
5.75
6.61
6.17
5.57
5.7125
5.23
6.5
5.78
6.68
5.73
6.02
5.49
5.35
6.68
5.75
5.89
5.72
6.53
6.69
5.48
6.69
5.95
5.59
5.99
5.94
5.57
6.18
6.47
6.33
6.35
5.8225
6.0625
6.42
5.37
6.49
6.4
5.74
6.69
6.58
6.0025
6.02
5.71
6.12
6.75
5.61
6.6
5.54
6.6
5.81
6.33
5.89
5.87
5.6525
6.48
5.8
5.8225
6.99
5.73
5.55
6.25
6.18
5.66
6.71
5.75
6.1
6.35
6.07
6.12
5.89
5.32
6.28
6.14
5.97
6.52
5.77
6.3925
6.04
5.87
5.41
6.58
5.58
5.81
5.67
5.68
5.94
5.08
5.66
6.12
6.03
6.05
6.19
6.39
6.06
6.51
6.27
4.85
5.63
6.41
5.53
6.46
5.63
6.84
6.08
6.17
6.94
5.49
6.19
6.11
5.96
6.25
6.14
6.46
6.28
5.39
6.02
5.4
5.96
6.73
5.96
5.66
5.61
6.0
6.48
6.2125
5.41
5.47
5.66
6.02
6.23
6.8825
6.28
6.26
5.55
5.7
5.83
6.61
6.26
5.62
6.54
6.07
6.67
6.42
6.06
6.0425
6.2
6.04
6.2
5.26
6.26
6.5225
6.28
6.62
5.41
6.1
5.56
5.67
5.73
5.39
5.55
6.01
5.73
6.17
6.03
5.71
5.7825
6.6
5.76
6.2
5.79
5.93
6.155
5.8
5.86
5.43
6.27
6.09
6.02
6.36
6.11
5.52
6.17
6.47
6.01
6.43
5.79
5.9025
5.56
6.67
5.41
6.1
5.7
5.89
6.2
5.97
5.74
6.5
6.07
5.26
6.18
5.24
5.71
5.91
5.71
6.1525
5.94
5.47
6.39
6.09
5.4
6.0025
6.7
5.95
6.11
5.37
5.3425
5.51
6.15
5.73
5.94
5.65
5.84
5.95
5.93
6.16
5.53
6.6
6.66
6.26
5.24
6.6825
6.11
6.05
6.33
6.66
6.0225
6.2125
6.26
6.21
5.57
6.1
5.65
5.74
6.36
6.52
6.13
6.29
5.96
5.69
5.64
6.39
5.77
5.59
5.98
5.86
6.28
6.1625
6.34
5.37
6.33
5.93
5.39
6.18
5.62
6.08
5.86
5.47
5.86
6.07
6.14
6.42
5.66
6.05
5.34
6.21
6.29
5.98
6.42
5.79
6.29
5.95
6.19
6.25
5.47
6.47
5.54
5.48
6.2
6.66
6.63
6.33
6.24
5.84
6.2
5.5625
5.77
6.37
5.54
6.7225
6.35
5.7
6.23
6.09
6.9
5.39
6.38
5.97
5.69
6.51
5.82
5.67
6.36
5.35
6.79
6.07
6.35
5.77
6.01
6.09
6.02
5.8
6.23
5.98
6.37
5.31
5.85
6.07
5.46
6.16
6.4
6.18
6.52
5.88
5.77
6.06
6.13
5.55
5.8
5.74
5.9
5.38
5.55
5.96
5.64
5.62
6.62
5.58
6.42
6.76
6.28
6.36
6.45
6.04
6.28
5.58
6.44
6.62
5.92
6.45
6.2
6.0525
6.02
6.43
6.31
5.83
6.02
5.51
5.15
5.62
5.56
6.47
5.35
6.12
5.6725
5.91
6.59
5.61
6.5
6.44
5.37
5.97
6.46
6.51
5.72
6.36
5.96
6.01
6.15
5.7
6.07
6.22
5.95
5.72
5.68
7.1625
6.09
6.08
5.9
6.39
5.88
6.2
5.14
5.96
5.96
6.21
6.18
7.14
6.18
5.75
6.43
5.86
5.91
5.48
5.42
5.57
5.56
6.05
5.77
6.09
5.83
6.42
6.28
6.26
5.24
6.07
5.48
5.96
5.65
5.62
6.28
5.81
5.67
5.87
5.66
5.81
6.42
6.14
5.81
6.05
6.2
5.81
6.43
5.85
6.11
6.61
5.72
6.14
6.3
6.36
5.8
5.65
5.59
6.23
6.77
6.06
5.84
5.5
6.72
5.03
5.73
6.08
6.09
5.88
6.22
5.49
6.2025
5.83
5.63
5.8
5.41
5.82
6.12
6.27
5.7
5.79
6.75
6.62
5.4325
5.93
5.28
6.25
6.26
5.24
6.02
5.55
6.26
5.78
5.75
5.21
5.38
5.52
6.36
6.1
5.85
5.94
6.53
6.06
6.5
6.61
5.97
5.8
5.82
6.41
6.19
7.05
5.6025
5.87
6.02
5.84
6.52
6.03
6.15
5.93
6.39
5.94
6.31
6.04
6.44
5.9
5.64
5.8725
5.67
6.5
6.19
6.04
6.24
5.38
6.35
5.43
6.18
5.73
5.56
5.64
5.8
6.26
6.13
6.15
5.46
6.1
5.9525
5.78
5.56
5.55
5.9
6.17
6.34
5.9
6.06
5.3
6.3
5.42
6.51
5.9
6.86
6.45
6.35
6.2
5.63
6.24
5.1025
6.65
6.26
5.41
5.91
6.06
5.96
5.78
6.28
6.22
6.18
6.59
6.36
5.855
6.31
6.54
5.83
5.82
6.08
5.7
5.91
5.57
5.54
5.53
5.74
5.98
6.92
6.06
6.35
5.92
5.25
6.84
5.85
5.58
5.46
5.6
5.51
6.79
6.04
5.89
5.97
6.15
5.91
6.04
5.63
5.7
5.69
5.2325
5.38
6.33
5.69
5.87
5.56
6.17
6.35
6.15
5.525
6.26
6.35
6.67
5.87
6.27
6.11
5.7425
5.99
5.66
5.89
5.1
6.42
5.95
5.56
6.14
5.86
6.06
5.53
6.58
5.8
5.33
5.85
6.15
6.12
6.06
6.02
6.62
5.81
5.89
6.4
6.44
5.84
6.68
5.4925
6.02
5.6
6.6025
5.95
5.36
5.63
6.51
6.3
5.42
5.8225
6.16
6.49
6.33
7.21
6.65
5.48
5.87
5.84
6.04
5.46
5.95
6.03
6.29
6.02
5.8
6.06
5.75
5.7625
5.74
6.57
6.12
5.63
5.93
5.71
6.06
6.39
5.755
5.8
6.46
5.35
5.95
5.93
5.39
5.72
6.45
6.68
6.2
6.14
5.88
6.26
5.74
6.19
5.64
5.62
6.02
5.49
5.68
5.6525
6.04
6.27
6.12
5.61
5.95
5.41
6.55
5.88
6.3
6.06
5.95
5.81
5.0225
5.96
6.1
5.93
6.22
5.72
6.25
5.98
5.39
5.44
5.93
5.3125
6.5625
6.04
6.22
5.68
5.56
5.79
5.67
5.9425
5.85
6.13
5.26
5.94
5.65
6.0
6.2
6.27
5.74
5.9825
5.87
6.28
6.11
6.45
5.58
5.71
5.71
6.57
5.66
6.2225
5.64
5.8
5.88
6.15
6.66
6.29
5.6425
6.31
7.04
6.23
5.69
5.09
5.95
5.66
6.01
6.14
6.58
6.46
4.9
6.1625
5.98
6.43
5.95
6.28
6.07
6.17
6.18
5.73
6.07
6.14
5.8025
5.99
5.8
6.1
6.5
5.74
5.57
6.97
5.71
6.28
5.33
6.26
5.61
5.86
6.36
5.85
5.17
6.39
6.18
6.28
5.98
5.34
6.94
6.5
5.88
5.08
5.9525
6.35
5.72
6.39
5.92
5.71
6.04
5.69
5.85
5.98
5.72
6.21
6.35
5.7925
6.2
6.17
5.78
5.7425
5.94
6.11
5.62
5.69
5.64
6.36
6.22
6.64
5.18
6.38
5.58
6.36
5.2125
6.2725
6.29
6.48
5.59
5.87
6.22
5.51
6.11
5.84
5.94
5.74
5.9525
6.26
6.17
6.14
6.11
5.72
5.19
6.18
6.03
5.94
6.6325
6.76
6.23
5.51
6.15
5.49
6.09
6.23
5.86
5.85
5.87
6.68
6.5
5.66
6.0425
5.75
5.9425
5.6
6.29
5.9
6.2
5.79
6.2725
5.67
6.06
6.84
5.65
6.2
6.15
6.55
6.35
6.2
6.13
5.91
6.03
5.72
5.88
6.68
6.24
5.91
6.19
6.1
5.78
5.23
5.98
5.13
6.28
6.06
5.87
6.01
5.9
6.24
5.46
5.72
5.25
6.51
6.09
5.86
5.7
6.04
6.29
6.45
6.08
6.1
6.4325
5.77
6.31
6.04
5.31
5.87
5.77
6.42
6.75
6.69
6.0
6.77
5.5025
6.03
5.63
5.89
5.24
5.84
5.66
6.41
6.41
5.76
5.18
5.34
5.85
6.59
5.37
6.07
5.6
6.3
6.14
5.08
6.14
5.79
6.35
5.6525
6.1
5.7
6.37
5.91
5.98
6.18
5.8
6.17
5.84
6.6
5.88
6.03
6.41
5.99
6.37
6.1
6.75
6.5125
5.85
5.68
5.5
4.65
6.36
5.64
5.96
5.52
6.46
5.88
5.07
5.63
5.23
6.77
5.9
5.45
6.0
6.19
5.46
6.39
6.23
5.82
6.1725
5.0525
6.25
5.68
6.2
5.24
6.23
6.43
5.75
5.72
6.13
6.33
5.9525
5.24
6.35
5.74
5.7525
6.6
6.32
6.55
6.29
6.31
6.27
6.28
5.83
5.62
5.46
6.76
5.84
6.2
5.99
6.32
5.96
6.0425
5.61
5.64
5.77
6.22
6.28
5.46
6.57
5.94
6.2
5.73
5.63
6.17
5.9
6.39
5.63
6.27
5.66
5.52
6.35
6.61
5.98
5.87
5.93
6.69
5.66
6.21
5.73
5.56
6.2625
4.69
6.0025
6.17
5.56
5.45
6.21
5.6
6.55
6.19
6.14
6.19
5.87
6.53
6.47
6.03
6.38
5.96
6.77
6.17
6.57
5.51
5.54
6.18
5.23
5.69
6.43
5.78
5.86
5.66
5.29
5.89
6.28
6.45
6.01
6.12
5.59
5.74
6.13
6.11
6.2
6.14
5.6
6.18
6.01
5.94
6.76
6.78
5.61
5.34
5.39
5.74
5.7
5.72
5.54
5.51
5.56
5.7625
6.7
5.21
5.22
5.81
6.11
5.48
5.33
5.86
6.0525
5.8325
5.67
6.47
6.23
6.31
6.26
6.75
5.82
5.65
5.5
5.58
6.1
5.91
5.97
6.24
6.19
5.78
6.4425
6.45
6.23
6.39
6.15
5.63
6.17
6.16
5.39
6.93
5.79
5.77
6.12
5.72
5.7
5.67
5.71
5.64
6.68
5.89
6.4425
5.9725
5.54
5.19
6.36
6.4425
5.82
5.58
5.43
6.44
6.7
6.09
5.79
5.55
5.31
6.12
6.03
5.61
5.94
6.05
6.1
6.07
5.7
6.2
6.04
5.79
5.88
6.22
5.73
6.13
5.95
5.14
6.29
5.95
6.53
5.63
6.19
5.79
5.97
5.46
5.88
6.07
6.0
6.26
5.9
6.5225
6.05
6.79
6.0325
6.35
6.185
5.88
6.91
6.05
5.81
5.55
5.72
5.88
5.81
6.76
6.2
5.9425
6.76
6.53
5.92
6.52
6.42
6.27
6.1
5.99
5.8
5.79
6.05
6.4
6.18
5.955
6.56
6.37
5.87
5.95
6.15
5.64
5.63
6.3725
5.7
5.75
5.77
5.8925
6.29
6.28
5.5
5.56
5.87
5.9125
6.74
6.46
5.82
5.8125
6.2
6.19
6.97
5.86
6.1
5.4
5.89
5.96
5.44
5.86
5.55
5.87
6.81
6.28
5.96
6.03
5.78
5.64
6.34
5.49
6.38
6.51
6.065
5.32
5.57
6.46
5.52
5.64
5.97
6.1
5.59
5.54
5.52
6.55
6.11
6.7
5.87
6.98
6.11
5.9725
5.94
5.46
6.3525
6.18
6.3625
6.47
5.87
5.81
6.2025
5.57
6.17
5.59
5.69
5.99
6.12
6.69
5.59
5.81
5.78
6.05
5.75
6.23
6.01
5.9
5.83
5.84
5.41
5.84
6.6
6.14
5.68
5.89
5.81
6.31
5.9525
6.41
6.11
5.41
5.49
6.52
6.02
6.06
5.85
6.1
6.21
6.3325
6.2
5.46
5.65
6.2
5.48
6.35
6.04
5.67
6.12
5.83
6.26
6.28
5.88
5.82
5.7
6.31
5.74
5.62
5.73
5.77
6.61
5.74
5.8225
6.41
6.6
6.37
6.02
5.56
5.5
6.12
5.5125
6.27
5.63
5.54
5.87
5.91
6.95
6.19
5.72
6.15
6.19
5.53
6.15
5.43
6.06
5.87
6.0425
5.25
5.38
6.02
5.67
6.27
5.94
5.2525
5.87
5.28
5.9
6.15
6.28
6.0
6.19
5.44
6.04
6.6
5.48
6.25
6.5
6.99
6.28
5.32
5.55
5.79
5.97
5.88
5.55
6.59
6.28
6.09
5.79
5.5225
5.81
6.47
6.43
5.43
5.87
6.23
5.59
5.95
5.86
5.63
6.6125
5.95
5.9725
6.46
5.25
5.9
6.27
5.86
5.77
6.08
5.9
6.67
5.78
6.68
5.92
6.4525
6.37
5.8
6.04
5.61
5.65
6.28
5.73
6.02
5.96
5.94
6.1025
5.86
5.98
6.7225
6.05
6.5625
6.86
6.47
6.12
6.34
6.1
5.91
6.35
6.18
5.56
5.34
5.63
6.21
6.51
5.47
5.31
6.1225
5.85
6.43
5.99
6.92
6.02
6.6
6.59
5.9
5.99
6.71
5.63
6.02
6.2425
5.16
6.16
6.75
5.1
6.17
6.1425
6.23
5.69
6.01
5.42
6.28
6.76
6.38
5.53
6.03
5.965
6.11
7.0
5.57
6.0825
5.81
5.73
5.93
6.6
6.41
6.06
6.22
5.87
6.61
6.29
5.63
5.97
6.43
6.28
6.15
5.63
5.73
6.46
6.11
5.46
5.8
5.9
6.27
5.9
5.41
6.18
4.64
7.16
5.74
6.43
5.48
5.91
5.88
5.63
6.12
5.57
5.64
5.88
6.12
6.09
6.6
6.01
5.77
6.23
6.43
6.11
6.66
6.11
6.42
6.82
6.04
5.89
5.82
6.39
6.21
6.17
6.42
5.5625
6.2
5.96
6.26
6.01
5.81
6.0
5.47
5.94
6.19
5.95
6.44
6.0125
5.87
6.5825
5.96
6.18
5.85
6.47
5.93
5.95
6.35
6.85
5.54
6.23
5.86
6.18
6.23
6.51
5.99
6.45
6.26
6.29
5.67
5.63
6.07
5.72
5.72
5.94
5.54
5.16
6.2
6.07
6.05
5.58
6.28
5.55
6.15
5.83
5.99
6.27
6.79
5.95
6.28
5.06
5.96
6.41
5.19
6.28
6.53
6.03
5.89
5.94
6.28
6.09
5.87
5.74
6.44
6.39
6.55
6.67
6.52
5.7
6.29
6.61
5.9
5.9
6.45
5.72
7.12
5.32
6.44
6.36
5.82
5.75
6.04
6.43
6.48
6.54
6.03
5.91
6.31
5.91
6.76
6.23
6.11
6.36
6.34
5.86
6.07
5.67
5.97
6.36
5.99
5.62
5.1925
6.0825
6.39
6.27
6.59
6.22
6.22
6.12
6.52
5.85
6.55
6.58
5.8
6.98
5.91
5.97
6.14
6.6825
5.69
6.84
6.02
