Losses
6.21
6.02
6.29
5.82
5.78
6.95
5.75
5.63
5.75
6.45
5.82
6.51
6.29
5.63
6.27
5.51
5.67
5.91
6.14
6.14
5.43
6.0825
6.39
6.12
6.15
6.2
5.72
6.34
6.3625
5.82
6.98
6.45
6.31
6.24
6.59
6.5125
5.85
6.1
6.92
5.81
6.14
6.47
6.23
6.27
6.2
5.64
6.35
6.26
5.87
5.58
6.05
5.68
6.31
6.28
6.45
6.39
6.07
6.08
6.1
6.165
6.06
5.67
5.27
5.94
5.64
5.8
6.15
6.11
6.0225
5.79
6.21
5.8125
5.13
5.76
5.85
6.36
5.85
6.34
5.76
6.2
5.6025
5.4625
5.93
5.98
5.74
5.86
5.79
5.4825
6.78
5.8625
5.49
5.45
5.88
6.09
6.03
5.29
5.78
5.75
6.5825
6.29
6.11
5.7
6.26
5.4825
6.03
5.65
6.16
6.5
6.13
6.4925
5.71
6.1
5.88
6.23
6.19
5.3
5.97
6.12
6.6425
5.78
6.2
6.05
6.26
5.94
6.1
5.54
5.79
6.27
5.21
5.6825
5.57
5.93
4.99
6.47
5.73
5.93
5.99
5.59
5.61
6.84
5.9
6.03
6.23
5.61
6.0425
5.97
6.23
6.35
6.44
6.09
5.64
5.71
6.06
5.65
5.17
5.76
5.95
6.13
5.88
6.64
6.55
6.7
6.29
5.79
5.43
5.45
6.0325
5.96
5.65
5.45
6.5
5.96
6.55
5.64
6.36
6.28
6.43
6.26
6.15
5.86
5.9
6.28
6.5
6.34
5.89
5.74
5.67
6.33
5.6925
6.1825
5.48
6.32
5.76
5.77
5.96
5.97
6.63
5.95
5.9225
6.06
6.54
6.07
5.63
5.7
5.6
5.86
5.25
6.51
5.83
6.03
6.06
6.11
5.94
5.7
6.98
6.68
5.33
6.05
6.14
5.6
6.16
6.15
5.62
5.97
6.38
5.79
5.63
5.88
6.25
5.43
5.62
6.41
6.57
6.44
6.02
6.11
6.47
6.17
5.79
6.42
6.36
6.11
5.95
6.07
6.3
5.74
6.28
6.35
5.8225
6.02
6.57
6.15
6.15
5.92
6.31
5.72
5.83
6.1
6.06
5.88
5.67
6.12
5.94
5.73
5.94
6.35
6.07
6.31
6.12
5.94
5.87
5.7
5.85
5.5
6.66
5.68
6.52
5.74
6.2
6.19
6.6025
5.75
6.37
5.68
5.64
6.14
6.36
5.87
5.95
5.75
6.61
6.17
5.57
5.7125
5.23
6.5
5.78
6.68
5.73
6.02
5.49
5.35
6.68
5.75
5.89
5.72
6.53
6.69
5.48
6.69
5.95
5.59
5.99
5.94
5.57
6.18
6.47
6.33
6.35
5.8225
6.0625
6.42
5.37
6.49
6.4
5.74
6.69
6.58
6.0025
6.02
5.71
6.12
6.75
5.61
6.6
5.54
6.6
5.81
6.33
5.89
5.87
5.6525
6.48
5.8
5.8225
6.99
5.73
5.55
6.25
6.18
5.66
6.71
5.75
6.1
6.35
6.07
6.12
5.89
5.32
6.28
6.14
5.97
6.52
5.77
6.3925
6.04
5.87
5.41
6.58
5.58
5.81
5.67
5.68
5.94
5.08
5.66
6.12
6.03
6.05
6.19
6.39
6.06
6.51
6.27
4.85
5.63
6.41
5.53
6.46
5.63
6.84
6.08
6.17
6.94
5.49
6.19
6.11
5.96
6.25
6.14
6.46
6.28
5.39
6.02
5.4
5.96
6.73
5.96
5.66
5.61
6.0
6.48
6.2125
5.41
5.47
5.66
6.02
6.23
6.8825
6.28
6.26
5.55
5.7
5.83
6.61
6.26
5.62
6.54
6.07
6.67
6.42
6.06
6.0425
6.2
6.04
6.2
5.26
6.26
6.5225
6.28
6.62
5.41
6.1
5.56
5.67
5.73
5.39
5.55
6.01
5.73
6.17
6.03
5.71
5.7825
6.6
5.76
6.2
5.79
5.93
6.155
5.8
5.86
5.43
6.27
6.09
6.02
6.36
6.11
5.52
6.17
6.47
6.01
6.43
5.79
5.9025
5.56
6.67
5.41
6.1
5.7
5.89
6.2
5.97
5.74
6.5
6.07
5.26
6.18
5.24
5.71
5.91
5.71
6.1525
5.94
5.47
6.39
6.09
5.4
6.0025
6.7
